bf ppm
169.5
169.62385321100916
169.74770642201835
169.87155963302752
169.9954128440367
170.11926605504587
170.24311926605503
170.36697247706422
170.4908256880734
170.61467889908258
170.73853211009174
170.86238532110093
170.9862385321101
171.11009174311926
171.23394495412845
171.3577981651376
171.4816513761468
171.60550458715596
171.72935779816513
171.85321100917432
171.97706422018348
172.10091743119267
172.22477064220183
172.348623853211
172.4724770642202
172.59633027522935
172.72018348623854
172.8440366972477
172.9678899082569
173.09174311926606
173.21559633027522
173.3394495412844
173.46330275229357
173.58715596330276
173.71100917431193
173.8348623853211
173.95871559633028
174.08256880733944
174.20642201834863
174.3302752293578
174.454128440367
174.57798165137615
174.7018348623853
174.8256880733945
174.94954128440367
175.07339449541286
175.19724770642202
175.32110091743118
175.44495412844037
175.56880733944953
175.69266055045873
175.8165137614679
175.94036697247705
176.06422018348624
176.1880733944954
176.3119266055046
176.43577981651376
176.55963302752295
176.6834862385321
176.80733944954127
176.93119266055047
177.05504587155963
177.17889908256882
177.30275229357798
177.42660550458714
177.55045871559633
177.6743119266055
177.7981651376147
177.92201834862385
178.04587155963304
178.1697247706422
178.29357798165137
178.41743119266056
178.54128440366972
178.6651376146789
178.78899082568807
178.91284403669724
179.03669724770643
179.1605504587156
179.28440366972478
179.40825688073394
179.5321100917431
179.6559633027523
179.77981651376146
179.90366972477065
180.0275229357798
180.151376146789
180.27522935779817
180.39908256880733
180.52293577981652
180.64678899082568
180.77064220183487
180.89449541284404
181.0183486238532
181.1422018348624
181.26605504587155
181.38990825688074
181.5137614678899
181.63761467889907
181.76146788990826
181.88532110091742
182.0091743119266
182.13302752293578
182.25688073394497
182.38073394495413
182.5045871559633
182.62844036697248
182.75229357798165
182.87614678899084
183.0
