Assignment              w1         w2          w3        Data Height

T2CA-E3N-E3HN           62.081     127.673     8.753     236348368
E3CA-E3N-E3HN           56.188     127.670     8.753     775273728
E3CA-E4N-E4HN           56.185     124.661     8.753     214766448
E4CA-E4N-E4HN           56.589     124.671     8.754     495183360
E4CA-G5N-G5HN           56.583     111.268     9.153     172158112
G5CA-G5N-G5HN           45.653     111.263     9.153     215955040
G5CA-K6N-K6HN           45.642     118.404     7.480     51627004
K6CA-K6N-K6HN           54.241     118.401     7.481     465677248
K6CA-L7N-L7HN           54.240     114.749     8.125     99664616
L7CA-L7N-L7HN           52.825     114.754     8.125     279457984
L7CA-V8N-V8HN           52.818     125.402     10.138     97110736
V8CA-V8N-V8HN           61.400     125.394     10.138     202477856
V8CA-I9N-I9HN           61.402     127.963     9.119     85999632
I9CA-I9N-I9HN           59.560     127.960     9.119     224318352
I9CA-W10N-W10HN         59.560     126.580     8.810     49999156
W10CA-W10N-W10HN        53.494     126.590     8.810     118879840
W10CA-I11N-I11HN        53.494     122.157     8.759     80493656
I11CA-I11N-I11HN        59.374     122.159     8.759     112290384
I11CA-N12N-N12HN        59.368     122.248     9.260     6644596
N12CA-N12N-N12HN        54.042     122.201     9.260     31211528
N12CA-G13N-G13HN        54.031     105.333     7.949     24349442
G13CA-G13N-G13HN        45.812     105.336     7.949     27604952
G13CA-D14N-D14HN        45.783     115.708     7.138     9047168
D14CA-D14N-D14HN        52.284     115.691     7.137     42221696
D14CA-K15N-K15HN        52.277     115.012     7.355     11529487
K15CA-K15N-K15HN        51.719     114.979     7.356     71008440
K15CA-G16N-G16HN        51.706     109.555     9.416     17009770
G16CA-G16N-G16HN        48.091     109.526     9.418     33063744
G16CA-Y17N-Y17HN        48.084     120.942     8.318     28570242
Y17CA-Y17N-Y17HN        58.951     120.939     8.318     130523416
Y17CA-N18N-N18HN        58.938     124.455     7.987     29102972
N18CA-N18N-N18HN        55.926     124.463     7.988     150710432
N18CA-G19N-G19HN        55.921     112.567     9.244     26225820
G19CA-G19N-G19HN        47.195     112.559     9.244     60769676
G19CA-L20N-L20HN        47.190     121.599     8.392     34195168
L20CA-L20N-L20HN        57.287     121.630     8.392     141535936
L20CA-A21N-A21HN        57.279     121.129     8.058     33938448
A21CA-A21N-A21HN        54.739     121.128     8.057     152335264
A21CA-E22N-E22HN        54.736     120.410     7.781     20044800
E22CA-E22N-E22HN        59.347     120.328     7.786     139869376
E22CA-V23N-V23HN        59.306     123.200     7.753     54354216
V23CA-V23N-V23HN        66.428     123.189     7.751     127030056
V23CA-G24N-G24HN        66.419     106.677     8.645     27939220
G24CA-G24N-G24HN        47.330     106.657     8.645     82581024
G24CA-K25N-K25HN        47.319     122.859     8.359     30313540
K25CA-K25N-K25HN        58.952     122.854     8.359     130064592
K25CA-K26N-K26HN        58.945     122.944     7.687     48944228
K26CA-K26N-K26HN        59.317     122.948     7.687     164110512
K26CA-F27N-F27HN        59.284     120.058     8.147     103215840
F27CA-F27N-F27HN        61.083     120.094     8.145     183867328
F27CA-E28N-E28HN        61.074     124.096     8.833     34250284
E28CA-E28N-E28HN        58.743     124.085     8.833     151504832
E28CA-K29N-K29HN        58.736     122.130     8.170     55609992
K29CA-K29N-K29HN        58.951     122.140     8.170     256642144
K29CA-D30N-D30HN        58.946     116.478     7.638     50234080
D30CA-D30N-D30HN        56.173     116.476     7.638     227476416
D30CA-T31N-T31HN        56.154     107.178     7.928     32673972
T31CA-T31N-T31HN        62.373     107.162     7.928     159180544
T31CA-G32N-G32HN        62.357     112.847     8.590     30908714
G32CA-G32N-G32HN        45.033     112.856     8.589     137207824
G32CA-I33N-I33HN        45.024     124.537     7.768     46950948
I33CA-I33N-I33HN        58.463     124.518     7.768     276997024
I33CA-K34N-K34HN        58.461     125.057     8.015     134065472
K34CA-K34N-K34HN        56.481     125.053     8.016     292299232
K34CA-V35N-V35HN        56.475     124.262     8.254     119464368
V35CA-V35N-V35HN        60.386     124.257     8.255     248670400
V35CA-T36N-T36HN        60.385     125.178     9.169     111873296
T36CA-T36N-T36HN        61.172     125.169     9.169     271976000
T36CA-V37N-V37HN        61.169     127.426     8.915     118024928
V37CA-V37N-V37HN        61.363     127.458     8.915     223161424
V37CA-E38N-E38HN        61.372     127.425     9.630     39293348
E38CA-E38N-E38HN        53.905     127.411     9.630     196926240
E38CA-H39N-H39HN        53.898     115.545     8.362     118704640
H39CA-H39N-H39HN        50.881     115.537     8.362     142648864
P40CA-D41N-D41HN        61.809     121.966     8.244     21242792
D41CA-D41N-D41HN        54.590     121.955     8.243     60734084
D41CA-K42N-K42HN        54.577     119.563     8.686     110001536
K42CA-K42N-K42HN        55.764     119.571     8.686     79486208
K42CA-L43N-L43HN        55.757     119.646     7.395     18146678
L43CA-L43N-L43HN        58.613     119.635     7.395     104496424
L43CA-E44N-E44HN        58.605     125.392     10.703     10109930
E44CA-E44N-E44HN        56.709     125.381     10.705     34669536
E44CA-E45N-E45HN        56.698     119.849     7.099     7964954
E45CA-E45N-E45HN        56.554     119.865     7.098     42956208
E45CA-K46N-K46HN        56.597     120.435     8.189     14661023
K46CA-K46N-K46HN        58.200     120.542     8.181     44155412
K46CA-F47N-F47HN        58.195     117.457     8.749     37930736
F47CA-F47N-F47HN        63.171     117.462     8.749     149900592
P48CA-Q49N-Q49HN        65.043     115.192     6.849     70446800
Q49CA-Q49N-Q49HN        57.746     115.189     6.849     218885792
Q49CA-V50N-V50HN        57.734     111.457     7.709     37061088
V50CA-V50N-V50HN        62.268     111.441     7.710     139290224
V50CA-A51N-A51HN        62.251     125.349     8.453     48686792
A51CA-A51N-A51HN        53.845     125.334     8.454     190606208
A51CA-A52N-A52HN        53.840     118.513     7.122     45233992
A52CA-A52N-A52HN        53.615     118.528     7.122     211711200
A52CA-T53N-T53HN        53.605     105.607     7.160     42177152
T53CA-T53N-T53HN        60.525     105.604     7.160     267425264
T53CA-G54N-G54HN        60.520     109.111     7.656     19525336
G54CA-G54N-G54HN        45.258     109.105     7.655     96698448
G54CA-D55N-D55HN        45.238     119.993     7.424     43979316
D55CA-D55N-D55HN        52.731     119.976     7.425     382507360
D55CA-G56N-G56HN        52.723     104.084     7.930     64334624
G56CA-G56N-G56HN        43.121     104.055     7.931     361127936
P57CA-D58N-D58HN        61.071     118.230     8.704     52310768
D58CA-D58N-D58HN        58.309     118.222     8.702     83185232
D58CA-I59N-I59HN        58.290     113.683     7.621     29690900
I59CA-I59N-I59HN        58.541     113.662     7.621     143825408
I59CA-I60N-I60HN        58.540     124.902     8.862     53687768
I60CA-I60N-I60HN        57.012     124.920     8.861     94274752
I60CA-F61N-F61HN        57.011     126.016     8.880     25538646
F61CA-F61N-F61HN        55.486     126.019     8.886     50972072
F61CA-W62N-W62HN        55.494     120.059     9.268     6104135
W62CA-W62N-W62HN        55.913     120.093     9.271     6142355
A63CA-A63N-A63HN        53.089     125.775     6.090     45859512
A63CA-H64N-H64HN        53.079     117.272     8.244     17079512
H64CA-H64N-H64HN        59.560     117.255     8.242     21511464
H64CA-D65N-D65HN        59.570     117.479     8.003     10620159
D65CA-D65N-D65HN        55.869     117.443     7.998     51882228
D65CA-R66N-R66HN        55.866     115.568     6.900     11433128
R66CA-R66N-R66HN        55.500     115.546     6.899     55242280
R66CA-F67N-F67HN        55.496     116.647     7.778     15158389
F67CA-F67N-F67HN        61.262     116.671     7.778     14477342
F67CA-G68N-G68HN        61.256     109.074     7.294     6749550
G68CA-G68N-G68HN        46.859     109.015     7.291     66885080
G68CA-G69N-G69HN        46.854     107.021     8.144     17379412
G69CA-G69N-G69HN        46.549     107.035     8.144     80091120
G69CA-Y70N-Y70HN        46.536     118.998     6.704     28760774
Y70CA-Y70N-Y70HN        56.700     118.998     6.706     120189456
Y70CA-A71N-A71HN        56.693     122.257     8.611     47000052
A71CA-A71N-A71HN        53.976     122.259     8.611     120874000
A71CA-Q72N-Q72HN        53.978     122.300     8.908     27911288
Q72CA-Q72N-Q72HN        58.118     122.344     8.908     153592960
Q72CA-S73N-S73HN        58.105     111.955     7.293     39809392
S73CA-S73N-S73HN        58.850     111.948     7.293     181974352
S73CA-G74N-G74HN        58.839     109.344     8.116     44003912
G74CA-G74N-G74HN        46.003     109.340     8.115     158767504
G74CA-L75N-L75HN        45.997     113.898     7.745     29183420
L75CA-L75N-L75HN        54.888     113.880     7.746     118026728
L75CA-L76N-L76HN        54.875     115.985     7.590     19318816
L76CA-L76N-L76HN        52.104     115.984     7.591     132058152
L76CA-A77N-A77HN        52.099     125.787     8.966     84895680
A77CA-A77N-A77HN        50.463     125.788     8.967     258463712
A77CA-E78N-E78HN        50.454     121.562     8.305     146067648
E78CA-E78N-E78HN        56.265     121.554     8.306     320675488
E78CA-I79N-I79HN        56.266     124.166     8.119     47589472
I79CA-I79N-I79HN        59.005     124.165     8.120     118694800
I79CA-T80N-T80HN        59.002     114.142     8.733     25349160
T80CA-T80N-T80HN        57.238     114.165     8.732     28910438
P81CA-D82N-D82HN        61.813     123.646     9.105     89739576
D82CA-D82N-D82HN        53.171     123.631     9.105     455529728
K83CA-A84N-A84HN        59.406     119.263     8.205     75295496
A84CA-A84N-A84HN        54.377     119.281     8.204     266760544
A84CA-F85N-F85HN        54.368     118.448     7.934     102583480
F85CA-F85N-F85HN        61.922     118.450     7.934     435127584
F85CA-Q86N-Q86HN        61.914     117.377     8.555     74212888
Q86CA-Q86N-Q86HN        59.363     117.383     8.555     222444096
Q86CA-D87N-D87HN        59.354     116.543     8.065     52156408
D87CA-D87N-D87HN        55.686     116.559     8.065     281125792
D87CA-K88N-K88HN        55.674     117.277     7.795     59512096
K88CA-K88N-K88HN        57.829     117.267     7.796     199080576
K88CA-L89N-L89HN        57.822     119.244     7.598     23452166
L89CA-L89N-L89HN        52.717     119.231     7.599     155164096
L89CA-Y90N-Y90HN        52.715     116.711     7.691     30830462
Y90CA-Y90N-Y90HN        58.485     116.692     7.691     276284288
F92CA-T93N-T93HN        58.921     112.880     7.192     20816440
T93CA-T93N-T93HN        64.402     112.869     7.191     98569576
T93CA-W94N-W94HN        64.385     120.329     6.557     37973508
W94CA-W94N-W94HN        58.348     120.334     6.556     168297424
W94CA-D95N-D95HN        58.333     114.877     7.445     29509180
D95CA-D95N-D95HN        56.864     114.882     7.444     172211600
D95CA-A96N-A96HN        56.851     119.496     6.942     43964176
A96CA-A96N-A96HN        53.709     119.495     6.942     99223136
A96CA-V97N-V97HN        53.710     106.611     7.040     19712660
V97CA-V97N-V97HN        59.211     106.600     7.042     94783280
V97CA-R98N-R98HN        59.207     121.606     7.013     25821884
R98CA-R98N-R98HN        54.503     121.593     7.013     143532016
R98CA-Y99N-Y99HN        54.499     127.438     9.578     56654544
Y99CA-Y99N-Y99HN        57.704     127.431     9.580     115224016
G101CA-G101N-G101HN     45.058     102.174     8.590     6911935
G101CA-K102N-K102HN     45.039     120.840     7.690     49295848
K102CA-K102N-K102HN     54.101     120.823     7.690     499946112
K102CA-L103N-L103HN     54.101     122.796     8.900     156545616
L103CA-L103N-L103HN     54.640     122.786     8.900     244908608
L103CA-I104N-I104HN     54.639     113.334     8.586     40880468
I104CA-I104N-I104HN     59.644     113.327     8.586     49297888
I104CA-A105N-A105HN     59.659     118.561     7.719     10046701
A105CA-A105N-A105HN     51.250     118.551     7.720     128265712
A105CA-Y106N-Y106HN     51.251     113.888     8.911     30805228
Y106CA-Y106N-Y106HN     55.424     113.873     8.910     128801760
P107CA-I108N-I108HN     61.511     113.948     8.916     28333662
I108CA-I108N-I108HN     60.525     113.952     8.917     28576712
I108CA-A109N-A109HN     60.515     116.977     7.480     9065638
A109CA-A109N-A109HN     51.444     116.983     7.476     51576284
A109CA-V110N-V110HN     51.446     122.436     9.101     42148204
V110CA-V110N-V110HN     62.473     122.422     9.100     85398192
V110CA-E111N-E111HN     62.477     124.042     9.474     53865684
E111CA-E111N-E111HN     54.387     124.030     9.474     92314904
E111CA-A112N-A112HN     54.387     115.572     6.120     33696176
A112CA-A112N-A112HN     49.772     115.577     6.120     77963016
A112CA-L113N-L113HN     49.772     123.277     7.671     24576000
L113CA-L113N-L113HN     54.358     123.261     7.669     111825832
L113CA-S114N-S114HN     54.345     107.867     7.416     52420112
S114CA-S114N-S114HN     56.666     107.869     7.416     234132320
S114CA-L115N-L115HN     56.665     121.882     7.282     100040096
L115CA-L115N-L115HN     53.797     121.885     7.282     174997024
L115CA-I116N-I116HN     53.793     129.853     8.644     93078840
I116CA-I116N-I116HN     59.604     129.856     8.645     166276288
I116CA-Y117N-Y117HN     59.604     121.633     9.010     36132420
Y117CA-Y117N-Y117HN     54.162     121.633     9.010     252080000
Y117CA-N118N-N118HN     54.160     121.091     9.284     119591520
N118CA-N118N-N118HN     51.706     121.089     9.284     149350672
N118CA-K119N-K119HN     51.707     125.514     8.798     47634920
K119CA-K119N-K119HN     58.132     125.508     8.798     59900100
K119CA-D120N-D120HN     58.118     115.752     8.181     13645611
D120CA-D120N-D120HN     55.934     115.741     8.184     75821384
D120CA-L121N-L121HN     55.923     117.860     7.117     38281236
L121CA-L121N-L121HN     55.044     117.853     7.117     101552080
L121CA-L122N-L122HN     55.037     119.718     8.324     23390448
L122CA-L122N-L122HN     51.217     119.695     8.323     76518608
P123CA-N124N-N124HN     64.308     112.614     7.493     121511048
N124CA-N124N-N124HN     49.255     112.615     7.492     657868800
P126CA-K127N-K127HN     61.968     118.712     8.140     205165904
K127CA-K127N-K127HN     56.186     118.707     8.140     262129504
K127CA-T128N-T128HN     56.174     108.728     7.897     33376910
T128CA-T128N-T128HN     59.645     108.715     7.897     346182240
T128CA-W129N-W129HN     59.642     123.823     10.163     142111136
W129CA-W129N-W129HN     60.582     123.816     10.164     248745120
W129CA-E130N-E130HN     60.574     117.937     10.577     85067304
E130CA-E130N-E130HN     61.330     117.936     10.577     299783840
E130CA-E131N-E131HN     61.322     116.627     7.633     74926208
E131CA-E131N-E131HN     56.653     116.632     7.632     344335680
E131CA-I132N-I132HN     56.646     121.729     8.225     107883496
I132CA-I132N-I132HN     66.681     121.715     8.225     335402848
P133CA-A134N-A134HN     66.642     118.062     7.796     110324752
A134CA-A134N-A134HN     54.778     118.065     7.796     327273472
A134CA-L135N-L135HN     54.779     120.059     7.621     59425048
L135CA-L135N-L135HN     56.992     120.055     7.621     214512160
L135CA-D136N-D136HN     56.981     118.525     8.859     45832632
D136CA-D136N-D136HN     58.602     118.510     8.860     232996032
D136CA-K137N-K137HN     58.581     117.286     8.052     115580248
K137CA-K137N-K137HN     59.951     117.226     8.055     256800928
K137CA-E138N-E138HN     59.940     118.614     7.485     78974184
E138CA-E138N-E138HN     58.818     118.620     7.485     338944448
E138CA-L139N-L139HN     58.805     121.249     8.409     68862840
L139CA-L139N-L139HN     57.577     121.252     8.408     239534192
L139CA-K140N-K140HN     57.564     124.203     9.268     61198940
K140CA-K140N-K140HN     58.426     124.207     9.267     285591648
K140CA-A141N-A141HN     58.414     122.059     7.270     77822184
A141CA-A141N-A141HN     53.975     122.049     7.269     335356128
A141CA-K142N-K142HN     53.971     115.742     7.657     73623896
K142CA-K142N-K142HN     54.563     115.732     7.657     251307360
K142CA-G143N-G143HN     54.555     107.797     7.884     52065544
G143CA-G143N-G143HN     45.694     107.784     7.884     245095712
G143CA-K144N-K144HN     45.687     120.054     7.869     32061948
K144CA-K144N-K144HN     52.962     120.052     7.870     64274256
S145CA-S145N-S145HN     56.151     109.496     7.669     130393744
S145CA-A146N-A146HN     56.145     122.850     9.615     148446656
A146CA-A146N-A146HN     55.271     122.844     9.615     220339824
A146CA-L147N-L147HN     55.266     116.934     8.656     87060680
L147CA-L147N-L147HN     54.010     116.931     8.655     344530592
L147CA-M148N-M148HN     54.009     121.441     8.183     89194456
M148CA-M148N-M148HN     55.502     121.437     8.182     270876224
M148CA-F149N-F149HN     55.430     119.560     8.369     348090432
F149CA-F149N-F149HN     55.430     119.560     8.369     348090432
F149CA-N150N-N150HN     55.411     115.754     8.649     69206176
N150CA-N150N-N150HN     53.059     115.747     8.649     146590624
N150CA-L151N-L151HN     53.056     124.165     7.337     77237376
L151CA-L151N-L151HN     54.338     124.172     7.337     130188008
L151CA-Q152N-Q152HN     54.328     113.738     8.087     36625896
Q152CA-Q152N-Q152HN     54.894     113.710     8.086     114274984
Q152CA-E153N-E153HN     54.880     114.215     6.415     35655164
E153CA-E153N-E153HN     51.051     114.215     6.415     279864000
P154CA-Y155N-Y155HN     63.317     121.617     8.099     26880252
Y155CA-Y155N-Y155HN     61.532     121.615     8.096     76743200
Y155CA-F156N-F156HN     61.518     109.954     7.785     16917812
F156CA-F156N-F156HN     59.957     109.948     7.786     80160592
F156CA-T157N-T157HN     59.958     107.517     7.326     11074231
T157CA-T157N-T157HN     62.683     107.490     7.324     49262056
T157CA-W158N-W158HN     62.668     124.084     8.594     26272996
W158CA-W158N-W158HN     60.851     124.090     8.593     125820928
P159CA-L160N-L160HN     65.443     113.006     6.693     56217692
L160CA-L160N-L160HN     55.791     112.994     6.693     127510880
L160CA-I161N-I161HN     55.784     120.995     6.916     43365712
I161CA-I161N-I161HN     64.875     120.999     6.916     132903264
I161CA-A162N-A162HN     64.872     115.749     7.680     37121856
A162CA-A162N-A162HN     51.767     115.748     7.680     158352576
A162CA-A163N-A163HN     51.753     120.986     6.785     77090744
A163CA-A163N-A163HN     55.937     120.989     6.785     305317600
A163CA-D164N-D164HN     55.918     114.555     9.515     51083444
D164CA-D164N-D164HN     52.813     114.553     9.514     185886048
D164CA-G165N-G165HN     52.805     102.537     7.368     43744964
G165CA-G165N-G165HN     45.145     102.518     7.369     143147424
G165CA-G166N-G166HN     45.134     108.068     7.098     29184748
G166CA-G166N-G166HN     45.715     108.085     7.097     169717680
G166CA-Y167N-Y167HN     45.709     116.457     8.200     19661446
Y167CA-Y167N-Y167HN     56.667     116.452     8.203     105477704
Y167CA-A168N-A168HN     56.660     122.216     8.727     42631440
A168CA-A168N-A168HN     52.502     122.204     8.727     46139704
A168CA-F169N-F169HN     52.476     109.318     6.662     26350378
F169CA-F169N-F169HN     54.670     109.315     6.662     160308096
F169CA-K170N-K170HN     54.669     126.122     8.843     61773088
K170CA-K170N-K170HN     56.529     126.128     8.842     228888448
K170CA-Y171N-Y171HN     56.519     129.201     8.495     197962384
Y171CA-Y171N-Y171HN     55.880     129.204     8.495     376441856
Y171CA-E172N-E172HN     55.870     126.832     8.266     171188032
E172CA-E172N-E172HN     55.348     126.838     8.266     553990976
N173CA-G174N-G174HN     53.716     102.006     7.473     17528170
G174CA-G174N-G174HN     45.171     101.999     7.474     96958176
G174CA-K175N-K175HN     45.159     118.670     7.131     66761516
K175CA-K175N-K175HN     54.085     118.654     7.131     684274304
K175CA-Y176N-Y176HN     54.084     119.663     8.591     118085232
Y176CA-Y176N-Y176HN     58.162     119.656     8.591     327015840
Y176CA-D177N-D177HN     58.169     124.272     9.120     147538208
D177CA-D177N-D177HN     52.452     124.267     9.120     221190416
D177CA-I178N-I178HN     52.447     116.691     7.699     93874048
I178CA-I178N-I178HN     62.889     116.684     7.700     173720064
I178CA-K179N-K179HN     62.877     116.147     8.267     39419160
K179CA-K179N-K179HN     54.480     116.147     8.268     176086720
K179CA-D180N-D180HN     54.466     123.537     7.750     52966916
D180CA-D180N-D180HN     52.876     123.535     7.750     185489696
D180CA-V181N-V181HN     52.874     122.681     7.506     103451056
V181CA-V181N-V181HN     58.770     122.676     7.506     383294176
V181CA-G182N-G182HN     58.771     120.174     6.928     89577744
G182CA-G182N-G182HN     45.779     120.175     6.927     126194496
G182CA-V183N-V183HN     45.764     113.092     6.749     29925302
V183CA-V183N-V183HN     62.716     113.086     6.749     133020624
V183CA-D184N-D184HN     62.702     114.631     7.779     68185752
D184CA-D184N-D184HN     51.006     114.624     7.779     179475584
D184CA-N185N-N185HN     50.983     115.998     6.753     97994720
N185CA-N185N-N185HN     51.130     116.001     6.752     371641376
A186CA-G187N-G187HN     55.077     109.033     8.314     60869720
G187CA-G187N-G187HN     46.843     109.030     8.314     258956992
G187CA-A188N-A188HN     46.836     127.576     8.221     54140552
A188CA-A188N-A188HN     53.982     127.577     8.221     166500000
A188CA-K189N-K189HN     53.971     114.755     8.050     56658584
K189CA-K189N-K189HN     59.170     114.757     8.049     279404640
K189CA-A190N-A190HN     59.158     124.547     8.318     73906224
A190CA-A190N-A190HN     55.314     124.551     8.319     331581440
A190CA-G191N-G191HN     55.298     106.658     8.035     42888472
G191CA-G191N-G191HN     47.244     106.644     8.034     153474528
G191CA-L192N-L192HN     47.231     120.857     8.392     47102720
L192CA-L192N-L192HN     56.715     120.835     8.392     218493024
L192CA-T193N-T193HN     56.702     116.323     8.641     44448516
T193CA-T193N-T193HN     67.513     116.315     8.639     136513264
T193CA-F194N-F194HN     67.503     121.967     7.621     55006192
F194CA-F194N-F194HN     61.966     121.965     7.620     362186016
F194CA-L195N-L195HN     61.961     119.232     7.527     59595456
L195CA-L195N-L195HN     57.947     119.235     7.528     171865408
L195CA-V196N-V196HN     57.938     117.936     8.525     52446144
V196CA-V196N-V196HN     66.842     117.933     8.524     242308704
V196CA-D197N-D197HN     66.837     122.743     8.603     58110392
D197CA-D197N-D197HN     57.560     122.747     8.603     230793008
D197CA-L198N-L198HN     57.544     120.270     7.842     60991128
L198CA-L198N-L198HN     58.059     120.259     7.842     227451952
L198CA-I199N-I199HN     58.053     120.162     7.506     49456960
I199CA-I199N-I199HN     62.916     120.153     7.507     185053072
I199CA-K200N-K200HN     62.910     124.429     9.376     49293896
K200CA-K200N-K200HN     59.433     124.425     9.376     188568736
K200CA-N201N-N201HN     59.420     113.959     7.928     52346448
N201CA-N201N-N201HN     53.158     113.952     7.928     222108768
N201CA-K202N-K202HN     53.149     111.420     7.947     72991160
K202CA-K202N-K202HN     57.079     111.402     7.947     192322384
K202CA-H203N-H203HN     57.076     116.105     8.415     24968954
H203CA-H203N-H203HN     56.670     116.089     8.415     182477696
H203CA-M204N-M204HN     56.664     114.274     7.459     30643760
M204CA-M204N-M204HN     54.282     114.275     7.457     308760960
M204CA-N205N-N205HN     54.291     118.554     8.680     9641180
N205CA-N205N-N205HN     51.711     118.596     8.679     32980972
A206CA-D207N-D207HN     54.224     112.741     8.174     89465808
D207CA-D207N-D207HN     53.311     112.734     8.174     439044320
D207CA-T208N-T208HN     53.299     116.520     7.316     57872420
T208CA-T208N-T208HN     66.254     116.499     7.316     465288352
T208CA-D209N-D209HN     66.250     130.659     6.993     73423312
D209CA-D209N-D209HN     51.384     130.673     6.993     329099328
D209CA-Y210N-Y210HN     51.376     117.527     7.865     127345304
Y210CA-Y210N-Y210HN     62.863     117.528     7.865     39993400
Y210CA-S211N-S211HN     62.865     114.531     8.219     8981422
S211CA-S211N-S211HN     61.394     114.510     8.217     208783088
S211CA-I212N-I212HN     61.386     124.369     8.952     76915288
I212CA-I212N-I212HN     64.493     124.367     8.952     344996512
I212CA-A213N-A213HN     64.485     120.684     7.617     81391368
A213CA-A213N-A213HN     54.949     120.693     7.618     275154144
A213CA-E214N-E214HN     54.921     117.246     7.919     51136712
E214CA-E214N-E214HN     58.573     117.233     7.919     35408100
E214CA-A215N-A215HN     58.563     119.725     8.023     28745024
A215CA-A215N-A215HN     54.335     119.592     8.025     47224488
A216CA-A216N-A216HN     54.573     117.694     7.821     33692488
A216CA-F217N-F217HN     54.557     119.558     8.316     56380720
F217CA-F217N-F217HN     62.439     119.554     8.317     250186528
N218CA-K219N-K219HN     55.162     116.803     7.738     19994960
K219CA-K219N-K219HN     55.657     116.806     7.739     65000448
K219CA-G220N-G220HN     55.646     108.695     7.733     25396868
G220CA-G220N-G220HN     45.659     108.697     7.733     103058768
G220CA-E221N-E221HN     45.638     116.436     8.366     13883718
E221CA-E221N-E221HN     56.970     116.443     8.365     106698720
E221CA-T222N-T222HN     56.955     110.616     6.853     43008384
T222CA-T222N-T222HN     57.656     110.614     6.853     274135200
T222CA-A223N-A223HN     57.650     127.108     8.650     66883148
A223CA-A223N-A223HN     54.129     127.110     8.651     89772344
A223CA-M224N-M224HN     54.118     114.511     8.074     100151568
M224CA-M224N-M224HN     54.223     114.507     8.073     382290432
M224CA-T225N-T225HN     54.222     113.211     9.101     52041420
T225CA-T225N-T225HN     59.289     113.205     9.100     162420832
T225CA-I226N-I226HN     59.287     122.745     7.083     58978704
I226CA-I226N-I226HN     60.006     122.743     7.083     189813216
I226CA-N227N-N227HN     59.998     121.566     8.303     51373964
N227CA-N227N-N227HN     51.569     121.577     8.304     288221536
N227CA-G228N-G228HN     51.565     110.677     8.819     20453044
G228CA-G228N-G228HN     41.719     110.657     8.820     122836048
P229CA-W230N-W230HN     62.244     110.321     5.811     13811081
W230CA-W230N-W230HN     59.059     110.329     5.814     38437068
W230CA-A231N-A231HN     59.041     123.710     6.474     10804304
A231CA-A231N-A231HN     52.042     123.714     6.476     55130140
A231CA-W232N-W232HN     52.003     116.850     7.683     8208716
W232CA-W232N-W232HN     57.916     116.814     7.682     37073952
S238CA-S238N-S238HN     60.297     118.203     7.674     94056544
V240CA-V240N-V240HN     62.921     120.190     7.274     6001792
Y242CA-Y242N-Y242HN     54.267     121.631     7.872     28688394
Y242CA-G243N-G243HN     54.227     106.984     8.410     5884769
G243CA-G243N-G243HN     42.616     107.010     8.404     54869832
G243CA-V244N-V244HN     42.607     120.729     8.002     96220808
V244CA-V244N-V244HN     61.183     120.722     8.002     213638784
V244CA-T245N-T245HN     61.175     120.485     9.576     68286664
T245CA-T245N-T245HN     58.523     120.476     9.576     321249632
T245CA-V246N-V246HN     58.522     123.850     8.188     114578912
V246CA-V246N-V246HN     61.484     123.845     8.188     493033792
V246CA-L247N-L247HN     61.476     125.265     8.608     71982800
L247CA-L247N-L247HN     53.910     125.266     8.609     229702496
P248CA-T249N-T249HN     61.530     111.721     8.869     71026432
T249CA-T249N-T249HN     60.586     111.710     8.868     319720064
T249CA-F250N-F250HN     60.580     121.847     9.584     146459280
F250CA-F250N-F250HN     56.277     121.839     9.584     361431680
F250CA-K251N-K251HN     56.276     129.752     10.602     176320160
K251CA-K251N-K251HN     56.895     129.755     10.603     178896384
K251CA-G252N-G252HN     56.888     103.548     9.065     32935504
G252CA-G252N-G252HN     44.638     103.543     9.066     196655712
G252CA-Q253N-Q253HN     44.629     122.201     8.217     60903248
Q253CA-Q253N-Q253HN     51.922     122.184     8.217     542849216
P254CA-S255N-S255HN     62.893     117.844     8.051     104833680
S255CA-S255N-S255HN     61.623     117.839     8.050     219652240
S255CA-K256N-K256HN     61.619     122.868     7.418     107362232
K256CA-K256N-K256HN     52.919     122.864     7.417     122464872
P257CA-F258N-F258HN     62.604     122.428     8.613     32797558
F258CA-F258N-F258HN     55.071     122.430     8.615     23347354
F258CA-V259N-V259HN     55.070     126.757     9.329     12161109
V259CA-V259N-V259HN     62.368     126.748     9.329     51331548
V259CA-G260N-G260HN     62.370     116.661     8.571     32391524
G260CA-G260N-G260HN     44.313     116.659     8.572     103349624
G260CA-V261N-V261HN     44.307     126.854     10.976     19393534
V261CA-V261N-V261HN     59.947     126.838     10.977     24000582
V261CA-L262N-L262HN     59.943     133.388     9.008     23944602
L262CA-L262N-L262HN     56.904     133.377     9.008     35738084
L262CA-S263N-S263HN     56.899     126.013     8.952     10681024
S263CA-S263N-S263HN     58.490     125.992     8.952     60872684
S263CA-A264N-A264HN     58.484     123.014     8.905     21917884
A264CA-A264N-A264HN     49.340     123.014     8.906     47618560
A264CA-G265N-G265HN     49.336     109.798     9.348     29518208
G265CA-G265N-G265HN     42.363     109.771     9.349     69871624
G265CA-I266N-I266HN     42.368     122.598     10.099     24752804
I266CA-I266N-I266HN     59.396     122.566     10.099     40518228
I266CA-N267N-N267HN     59.391     125.923     8.304     87731552
N267CA-N267N-N267HN     53.202     125.923     8.303     253448400
N267CA-A268N-A268HN     53.201     131.189     8.952     77738176
A268CA-A268N-A268HN     54.808     131.191     8.952     107473456
A268CA-A269N-A269HN     54.795     117.413     8.171     62287512
A269CA-A269N-A269HN     51.004     117.406     8.171     271985312
A269CA-S270N-S270HN     50.992     112.937     7.664     55184744
S270CA-S270N-S270HN     55.880     112.916     7.664     397938752
P271CA-N272N-N272HN     63.205     119.742     8.931     74650696
N272CA-N272N-N272HN     52.216     119.741     8.932     213741968
N272CA-K273N-K273HN     52.207     119.391     7.752     61574544
K273CA-K273N-K273HN     61.355     119.385     7.751     266354224
K273CA-E274N-E274HN     61.338     118.077     8.838     12285672
E274CA-E274N-E274HN     59.495     118.054     8.839     46732532
E274CA-L275N-L275HN     59.477     120.398     7.329     99105120
L275CA-L275N-L275HN     56.926     120.396     7.329     304406496
L275CA-A276N-A276HN     56.920     120.245     8.428     82889960
A276CA-A276N-A276HN     54.849     120.234     8.429     258464816
A276CA-K277N-K277HN     54.845     118.286     7.919     70925248
K277CA-K277N-K277HN     59.759     118.282     7.920     203697632
K277CA-E278N-E278HN     59.747     118.805     7.609     54461812
E278CA-E278N-E278HN     59.216     118.811     7.609     236087616
E278CA-F279N-F279HN     59.198     118.400     8.388     64591180
F279CA-F279N-F279HN     61.217     118.410     8.389     234650496
F279CA-L280N-L280HN     61.212     119.978     8.442     48704204
L280CA-L280N-L280HN     57.820     119.983     8.442     159645632
L280CA-E281N-E281HN     57.813     112.801     8.402     53371348
E281CA-E281N-E281HN     58.996     112.796     8.402     186093040
E281CA-N282N-N282HN     58.993     108.880     7.712     32740612
N282CA-N282N-N282HN     52.572     108.887     7.713     123959360
N282CA-Y283N-Y283HN     52.563     116.449     7.162     30166152
Y283CA-Y283N-Y283HN     59.477     116.442     7.162     103582952
Y283CA-L284N-L284HN     59.451     121.216     8.141     29537788
L284CA-L284N-L284HN     57.967     121.218     8.141     51498292
L284CA-L285N-L285HN     57.958     118.929     7.779     25085582
L285CA-L285N-L285HN     54.115     118.920     7.780     89371504
L285CA-T286N-T286HN     54.110     108.314     8.514     34169460
T286CA-T286N-T286HN     58.511     108.300     8.513     349245856
T286CA-D287N-D287HN     58.508     121.818     8.496     194077568
D287CA-D287N-D287HN     58.029     121.822     8.496     497284384
D287CA-E288N-E288HN     58.018     115.465     8.448     106348384
E288CA-E288N-E288HN     58.779     115.469     8.449     402707776
E288CA-G289N-G289HN     58.768     113.105     8.319     65009328
G289CA-G289N-G289HN     46.507     113.110     8.319     186840928
G289CA-L290N-L290HN     46.499     119.393     8.243     57708736
L290CA-L290N-L290HN     56.915     119.383     8.243     226568416
L290CA-E291N-E291HN     56.899     120.164     7.730     51607796
E291CA-E291N-E291HN     59.115     120.145     7.730     218311296
E291CA-A292N-A292HN     59.107     119.563     7.191     57302136
A292CA-A292N-A292HN     54.802     119.556     7.191     186796000
A292CA-V293N-V293HN     54.789     116.143     7.189     39895312
V293CA-V293N-V293HN     67.074     116.114     7.189     169007648
V293CA-N294N-N294HN     67.065     118.126     8.832     31830096
N294CA-N294N-N294HN     55.695     118.128     8.831     113824256
N294CA-K295N-K295HN     55.688     114.666     8.143     29580878
K295CA-K295N-K295HN     57.708     114.672     8.143     89720352
K295CA-D296N-D296HN     57.696     119.113     7.421     38595464
D296CA-D296N-D296HN     55.356     119.114     7.422     105014392
D296CA-K297N-K297HN     55.335     114.736     7.473     36185572
K297CA-K297N-K297HN     51.876     114.735     7.473     56854872
P298CA-L299N-L299HN     62.921     120.990     8.297     73192736
L299CA-L299N-L299HN     55.198     120.986     8.297     90517480
L299CA-G300N-G300HN     55.191     101.447     8.077     13296182
G300CA-G300N-G300HN     43.354     101.444     8.076     77233088
G300CA-A301N-A301HN     43.350     125.219     7.936     32367084
A301CA-A301N-A301HN     50.597     125.202     7.937     41992424
A301CA-V302N-V302HN     50.581     117.636     7.706     8219314
V302CA-V302N-V302HN     61.172     117.652     7.707     27509072
V302CA-A303N-A303HN     61.170     119.953     8.275     20509942
A303CA-A303N-A303HN     53.106     119.963     8.274     32225684
A303CA-L304N-L304HN     53.093     114.054     6.224     26697240
L304CA-L304N-L304HN     53.773     114.047     6.225     136924576
L304CA-K305N-K305HN     53.771     129.424     8.030     152130624
K305CA-K305N-K305HN     59.856     129.433     8.030     213772560
K305CA-S306N-S306HN     59.842     111.936     8.568     55024436
S306CA-S306N-S306HN     60.800     111.952     8.568     103232000
S306CA-Y307N-Y307HN     60.859     122.407     6.732     35084168
Y307CA-Y307N-Y307HN     57.563     122.414     6.733     187539296
Y307CA-E308N-E308HN     57.579     121.356     8.373     63381600
E308CA-E308N-E308HN     57.715     121.356     8.373     50928700
E308CA-E309N-E309HN     57.655     115.915     7.857     11799622
E309CA-E309N-E309HN     58.880     115.905     7.859     256645856
E309CA-E310N-E310HN     58.875     116.661     7.187     50244508
E310CA-E310N-E310HN     57.365     116.668     7.187     184647056
E310CA-L311N-L311HN     57.356     120.795     7.734     34886184
L311CA-L311N-L311HN     56.836     120.786     7.734     112190864
L311CA-A312N-A312HN     56.822     117.513     8.297     34451600
A312CA-A312N-A312HN     53.739     117.505     8.297     144743392
A312CA-K313N-K313HN     53.736     114.237     7.112     34602344
K313CA-K313N-K313HN     56.743     114.229     7.112     92887352
K313CA-D314N-D314HN     56.771     123.164     8.153     27695972
D314CA-D314N-D314HN     50.665     123.239     8.153     182981136
P315CA-R316N-R316HN     64.281     118.222     8.788     34825972
R316CA-R316N-R316HN     58.193     118.214     8.788     99722904
R316CA-I317N-I317HN     58.184     123.919     7.616     31156628
I317CA-I317N-I317HN     62.049     123.965     7.618     57374952
I317CA-A318N-A318HN     62.109     124.664     7.976     10780306
A318CA-A318N-A318HN     55.506     124.676     7.973     98401600
A318CA-A319N-A319HN     55.495     119.785     7.933     43565664
A319CA-A319N-A319HN     54.801     119.793     7.932     162867296
A319CA-T320N-T320HN     54.789     115.259     7.489     26755936
T320CA-T320N-T320HN     67.489     115.241     7.490     93489552
T320CA-M321N-M321HN     67.479     118.465     8.368     28968534
M321CA-M321N-M321HN     56.033     118.444     8.368     136216368
M321CA-E322N-E322HN     56.023     123.355     8.225     35184300
E322CA-E322N-E322HN     59.493     123.332     8.226     166719968
E322CA-N323N-N323HN     59.482     115.810     8.069     50426764
N323CA-N323N-N323HN     57.011     115.797     8.069     137410896
N323CA-A324N-A324HN     56.995     120.143     8.456     41745528
A324CA-A324N-A324HN     54.241     120.147     8.458     88373496
A324CA-Q325N-Q325HN     54.220     116.033     8.102     31852408
Q325CA-Q325N-Q325HN     57.510     116.018     8.101     183030832
Q325CA-K326N-K326HN     57.501     117.275     7.285     40227816
K326CA-K326N-K326HN     56.389     117.269     7.285     93536336
K326CA-G327N-G327HN     56.376     106.621     7.354     11148630
G327CA-G327N-G327HN     43.388     106.613     7.355     111551152
G327CA-E328N-E328HN     43.381     118.088     8.157     34571768
E328CA-E328N-E328HN     54.116     118.082     8.157     104576136
E328CA-I329N-I329HN     54.106     127.440     9.050     103061704
I329CA-I329N-I329HN     60.948     127.428     9.050     304075840
I329CA-M330N-M330HN     60.942     124.235     8.498     37047180
M330CA-M330N-M330HN     56.205     124.229     8.498     128231016
P331CA-N332N-N332HN     62.547     114.526     8.061     23355230
N332CA-N332N-N332HN     50.225     114.508     8.060     29866378
N332CA-I333N-I333HN     50.216     107.682     6.284     7251922
I333CA-I333N-I333HN     60.749     107.672     6.283     103554872
P334CA-Q335N-Q335HN     65.395     113.608     8.167     22030562
Q335CA-Q335N-Q335HN     58.538     113.611     8.166     70854240
Q335CA-M336N-M336HN     58.533     118.252     8.004     51507424
M336CA-M336N-M336HN     56.260     118.242     8.003     194251680
M336CA-S337N-S337HN     56.257     113.223     7.706     33032776
S337CA-S337N-S337HN     62.527     113.225     7.705     119666208
S337CA-A338N-A338HN     62.514     124.162     7.322     35000568
A338CA-A338N-A338HN     54.918     124.159     7.321     133107056
A338CA-F339N-F339HN     54.915     118.362     8.069     30312100
F339CA-F339N-F339HN     60.476     118.361     8.068     102365600
F339CA-W340N-W340HN     60.464     120.536     8.521     19817596
W340CA-W340N-W340HN     59.218     120.531     8.521     106993528
W340CA-Y341N-Y341HN     59.200     115.795     8.592     17802682
Y341CA-Y341N-Y341HN     62.138     115.787     8.592     57443352
Y341CA-A342N-A342HN     62.125     120.697     7.965     17230026
A342CA-A342N-A342HN     54.619     120.716     7.963     79478440
A342CA-V343N-V343HN     54.613     118.683     8.487     30834164
V343CA-V343N-V343HN     66.352     118.686     8.487     158403808
V343CA-R344N-R344HN     66.339     121.221     8.793     34046036
R344CA-R344N-R344HN     59.951     121.231     8.792     65919548
R344CA-T345N-T345HN     59.938     113.800     7.492     27183560
T345CA-T345N-T345HN     66.109     113.797     7.495     189033824
T345CA-A346N-A346HN     66.098     122.643     7.714     49080512
A346CA-A346N-A346HN     55.072     122.644     7.714     218867936
A346CA-V347N-V347HN     55.065     116.137     8.419     47296904
V347CA-V347N-V347HN     67.078     116.127     8.419     199831872
V347CA-I348N-I348HN     67.073     117.970     7.981     48802852
I348CA-I348N-I348HN     64.781     117.964     7.980     130892592
I348CA-N349N-N349HN     64.770     121.084     8.891     36579840
N349CA-N349N-N349HN     55.479     121.069     8.892     230525520
N349CA-A350N-A350HN     55.468     122.538     8.494     77154560
A350CA-A350N-A350HN     53.549     122.544     8.494     268693888
A350CA-A351N-A351HN     53.533     121.185     9.196     71633424
A351CA-A351N-A351HN     55.272     121.182     9.196     234325536
A351CA-S352N-S352HN     55.258     107.553     7.923     45756360
S352CA-S352N-S352HN     58.601     107.546     7.923     257386320
S352CA-G353N-G353HN     58.584     109.776     7.620     80852168
G353CA-G353N-G353HN     45.312     109.778     7.619     319532928
G353CA-R354N-R354HN     45.298     121.101     8.216     73622512
R354CA-R354N-R354HN     58.040     121.101     8.216     309667936
R354CA-Q355N-Q355HN     58.031     113.531     7.372     64265800
Q355CA-Q355N-Q355HN     53.750     113.535     7.372     542171520
Q355CA-T356N-T356HN     53.745     111.669     8.569     116946520
T356CA-T356N-T356HN     60.961     111.660     8.569     563383168
T356CA-V357N-V357HN     60.951     121.319     8.708     183093456
V357CA-V357N-V357HN     67.432     121.313     8.708     392475136
V357CA-D358N-D358HN     67.423     115.140     8.110     141660688
D358CA-D358N-D358HN     57.285     115.151     8.110     502827840
D358CA-E359N-E359HN     57.272     118.665     7.601     86867872
E359CA-E359N-E359HN     58.384     118.664     7.601     324645504
E359CA-A360N-A360HN     58.375     121.485     8.717     95703800
A360CA-A360N-A360HN     54.392     121.471     8.718     284926784
A360CA-L361N-L361HN     54.387     116.341     8.161     59885908
L361CA-L361N-L361HN     57.027     116.343     8.161     200919584
L361CA-K362N-K362HN     57.016     121.660     7.753     62777064
K362CA-K362N-K362HN     59.274     121.650     7.753     221399584
K362CA-D363N-D363HN     59.284     120.058     8.147     103215840
D363CA-D363N-D363HN     56.818     120.024     8.151     295927232
D363CA-A364N-A364HN     56.804     121.584     7.679     67560992
A364CA-A364N-A364HN     54.900     121.588     7.679     209899344
A364CA-Q365N-Q365HN     54.889     118.515     8.262     58568820
Q365CA-Q365N-Q365HN     59.910     118.507     8.262     244761760
Q365CA-T366N-T366HN     59.899     115.353     8.233     59561516
T366CA-T366N-T366HN     65.666     115.339     8.233     301790720
T366CA-R367N-R367HN     65.654     120.283     8.027     82995656
R367CA-R367N-R367HN     58.578     120.288     8.027     298140864
R367CA-I368N-I368HN     58.581     117.286     8.052     115580248
I368CA-I368N-I368HN     64.511     117.358     8.049     273242976
I368CA-T369N-T369HN     64.500     107.373     7.641     47481384
T369CA-T369N-T369HN     62.186     107.377     7.641     231071152
T369CA-K370N-K370HN     62.173     128.232     7.435     133000736
K370CA-K370N-K370HN     58.485     128.227     7.434     992791360
